xof 0303txt 0032
template Frame {
 <3d82ab46-62da-11cf-ab39-0020af71e433>
 [...]
}

template Matrix4x4 {
 <f6f23f45-7686-11cf-8f52-0040333594a3>
 array FLOAT matrix[16];
}

template FrameTransformMatrix {
 <f6f23f41-7686-11cf-8f52-0040333594a3>
 Matrix4x4 frameMatrix;
}

template ObjectMatrixComment {
 <95a48e28-7ef4-4419-a16a-ba9dbdf0d2bc>
 Matrix4x4 objectMatrix;
}

template Vector {
 <3d82ab5e-62da-11cf-ab39-0020af71e433>
 FLOAT x;
 FLOAT y;
 FLOAT z;
}

template MeshFace {
 <3d82ab5f-62da-11cf-ab39-0020af71e433>
 DWORD nFaceVertexIndices;
 array DWORD faceVertexIndices[nFaceVertexIndices];
}

template Mesh {
 <3d82ab44-62da-11cf-ab39-0020af71e433>
 DWORD nVertices;
 array Vector vertices[nVertices];
 DWORD nFaces;
 array MeshFace faces[nFaces];
 [...]
}

template MeshNormals {
 <f6f23f43-7686-11cf-8f52-0040333594a3>
 DWORD nNormals;
 array Vector normals[nNormals];
 DWORD nFaceNormals;
 array MeshFace faceNormals[nFaceNormals];
}

template Coords2d {
 <f6f23f44-7686-11cf-8f52-0040333594a3>
 FLOAT u;
 FLOAT v;
}

template MeshTextureCoords {
 <f6f23f40-7686-11cf-8f52-0040333594a3>
 DWORD nTextureCoords;
 array Coords2d textureCoords[nTextureCoords];
}

template XSkinMeshHeader {
 <3cf169ce-ff7c-44ab-93c0-f78f62d172e2>
 WORD nMaxSkinWeightsPerVertex;
 WORD nMaxSkinWeightsPerFace;
 WORD nBones;
}

template SkinWeights {
 <6f0d123b-bad2-4167-a0d0-80224f25fabb>
 STRING transformNodeName;
 DWORD nWeights;
 array DWORD vertexIndices[nWeights];
 array FLOAT weights[nWeights];
 Matrix4x4 matrixOffset;
}

template ColorRGBA {
 <35ff44e0-6c7c-11cf-8f52-0040333594a3>
 FLOAT red;
 FLOAT green;
 FLOAT blue;
 FLOAT alpha;
}

template ColorRGB {
 <d3e16e81-7835-11cf-8f52-0040333594a3>
 FLOAT red;
 FLOAT green;
 FLOAT blue;
}

template Material {
 <3d82ab4d-62da-11cf-ab39-0020af71e433>
 ColorRGBA faceColor;
 FLOAT power;
 ColorRGB specularColor;
 ColorRGB emissiveColor;
 [...]
}

template MeshMaterialList {
 <f6f23f42-7686-11cf-8f52-0040333594a3>
 DWORD nMaterials;
 DWORD nFaceIndexes;
 array DWORD faceIndexes[nFaceIndexes];
 [Material <3d82ab4d-62da-11cf-ab39-0020af71e433>]
}

template TextureFilename {
 <a42790e1-7810-11cf-8f52-0040333594a3>
 STRING filename;
}

template AnimTicksPerSecond {
 <9e415a43-7ba6-4a73-8743-b73d47e88476>
 DWORD AnimTicksPerSecond;
}

template Animation {
 <3d82ab4f-62da-11cf-ab39-0020af71e433>
 [...]
}

template AnimationSet {
 <3d82ab50-62da-11cf-ab39-0020af71e433>
 [Animation <3d82ab4f-62da-11cf-ab39-0020af71e433>]
}

template FloatKeys {
 <10dd46a9-775b-11cf-8f52-0040333594a3>
 DWORD nValues;
 array FLOAT values[nValues];
}

template TimedFloatKeys {
 <f406b180-7b3b-11cf-8f52-0040333594a3>
 DWORD time;
 FloatKeys tfkeys;
}

template AnimationKey {
 <10dd46a8-775b-11cf-8f52-0040333594a3>
 DWORD keyType;
 DWORD nKeys;
 array TimedFloatKeys keys[nKeys];
}


Frame XS_Dummy_Root {
 

 FrameTransformMatrix relative {
  1.000000,0.000000,0.000000,0.000000,0.000000,1.000000,0.000000,0.000000,0.000000,0.000000,1.000000,0.000000,0.000000,0.000000,0.000000,1.000000;;
 }

 ObjectMatrixComment object {
  1.000000,0.000000,0.000000,0.000000,0.000000,1.000000,0.000000,0.000000,0.000000,0.000000,1.000000,0.000000,0.000000,0.000000,0.000000,1.000000;;
 }

 Frame Bip01 {
  

  FrameTransformMatrix relative {
   -0.570337,-0.037362,-0.820561,0.000000,-0.048157,0.998768,-0.012005,0.000000,0.819998,0.032669,-0.571433,0.000000,-3.564640,70.047622,0.170238,1.000000;;
  }

  ObjectMatrixComment object {
   0.350426,0.000000,0.000000,0.000000,-0.000000,0.350426,0.000000,0.000000,0.000000,-0.000000,0.350426,0.000000,0.000000,-0.000008,-0.000000,1.000000;;
  }

  Frame Bip01_Pelvis {
   

   FrameTransformMatrix relative {
    -0.000000,0.999766,0.021647,0.000000,-0.000001,-0.021647,0.999766,0.000000,1.000000,-0.000000,0.000001,0.000000,0.000000,-0.000008,-0.000000,1.000000;;
   }

   ObjectMatrixComment object {
    18.148392,0.000000,0.000000,0.000000,-0.000000,14.017021,-0.000000,0.000000,-0.000000,0.000001,18.245565,0.000000,0.000000,0.000000,-0.000000,1.000000;;
   }

   Frame Bip01_Spine {
    

    FrameTransformMatrix relative {
     0.992899,0.006793,-0.118766,0.000000,0.005554,0.994633,0.103320,0.000000,0.118830,-0.103246,0.987532,0.000000,8.345634,-0.180140,-0.128828,1.000000;;
    }

    ObjectMatrixComment object {
     6.981055,-0.000000,0.000000,0.000000,0.000000,10.362080,-0.000000,0.000000,0.000000,0.000000,11.538932,0.000000,0.000008,-0.000000,0.000000,1.000000;;
    }

    Frame Bip01_Spine1 {
     

     FrameTransformMatrix relative {
      0.997125,0.005336,-0.075584,0.000000,-0.007842,0.999428,-0.032893,0.000000,0.075365,0.033391,0.996597,0.000000,6.980758,-0.000136,-0.004075,1.000000;;
     }

     ObjectMatrixComment object {
      5.136836,-0.000000,0.000000,0.000000,0.000000,10.729241,0.000000,0.000000,0.000000,0.000000,11.507731,0.000000,-0.000008,-0.000001,0.000001,1.000000;;
     }

     Frame Bip01_Spine2 {
      

      FrameTransformMatrix relative {
       0.999186,0.036375,0.017458,0.000000,-0.037461,0.997080,0.066544,0.000000,-0.014986,-0.067144,0.997631,0.000000,5.137024,0.000870,-0.012934,1.000000;;
      }

      ObjectMatrixComment object {
       16.282818,-0.000000,0.000000,0.000000,0.000000,11.654488,-0.000000,0.000000,0.000000,0.000000,14.160614,0.000000,0.000008,-0.000001,0.000000,1.000000;;
      }

      Frame Bip01_Neck {
       

       FrameTransformMatrix relative {
        1.000000,0.000184,-0.000022,0.000000,-0.000184,0.972863,-0.231382,0.000000,-0.000022,0.231382,0.972863,0.000000,15.746117,-0.000552,-1.371921,1.000000;;
       }

       ObjectMatrixComment object {
        2.980258,-0.000000,0.000000,0.000000,0.000000,15.115819,0.000000,0.000000,0.000000,0.000000,9.418827,0.000000,-0.000015,0.000000,0.000001,1.000000;;
       }

       Frame Bip01_Neck1 {
        

        FrameTransformMatrix relative {
         0.997317,-0.070690,0.019033,0.000000,0.072324,0.911124,-0.405738,0.000000,0.011341,0.406026,0.913791,0.000000,2.980202,-0.001832,-0.004123,1.000000;;
        }

        ObjectMatrixComment object {
         5.666748,-0.000000,0.000000,0.000000,0.000000,7.672493,0.000000,0.000000,-0.000000,0.000000,7.047132,0.000000,0.000000,0.000000,0.000000,1.000000;;
        }

        Frame Bip01_Head {
         

         FrameTransformMatrix relative {
          0.921882,-0.055773,0.383435,0.000000,0.084502,0.994706,-0.058477,0.000000,-0.378144,0.086310,0.921715,0.000000,5.666748,0.000000,-0.000001,1.000000;;
         }

         ObjectMatrixComment object {
          21.737886,-0.000000,0.000000,0.000000,0.000000,20.626749,0.000000,0.000000,0.000000,-0.000000,20.628630,0.000000,0.000000,0.000001,0.000000,1.000000;;
         }

         Frame Bip01_HeadNub {
          

          FrameTransformMatrix relative {
           1.000000,0.000000,0.000000,0.000000,0.000000,1.000000,0.000000,0.000000,0.000000,0.000000,1.000000,0.000000,21.737893,0.000001,0.000000,1.000000;;
          }

          ObjectMatrixComment object {
           2.578344,0.000000,-0.000000,0.000000,0.000000,2.578344,0.000000,0.000000,0.000000,0.000000,2.578344,0.000000,0.000000,0.000001,0.000000,1.000000;;
          }
         }

         Frame onHead {
          

          FrameTransformMatrix relative {
           0.000000,1.000000,0.000001,0.000000,0.994813,0.000000,-0.101721,0.000000,-0.101721,0.000001,-0.994813,0.000000,40.854515,0.000001,-4.296051,1.000000;;
          }

          ObjectMatrixComment object {
           1.000000,-0.000000,0.000000,0.000000,-0.000000,1.000000,0.000000,0.000000,0.000000,0.000000,1.000000,0.000000,-0.000000,0.000000,0.000004,1.000000;;
          }
         }

         Frame bip_head {
          

          FrameTransformMatrix relative {
           0.000000,1.000000,0.000001,0.000000,0.994813,0.000000,-0.101721,0.000000,-0.101721,0.000001,-0.994813,0.000000,9.102654,0.000016,0.714546,1.000000;;
          }

          ObjectMatrixComment object {
           1.000000,-0.000000,0.000000,0.000000,-0.000000,1.000000,0.000000,0.000000,0.000000,0.000000,1.000000,0.000000,0.000000,0.000000,0.000000,1.000000;;
          }
         }

         Frame Bip01_Ponytail1 {
          

          FrameTransformMatrix relative {
           -0.370827,-0.002194,-0.928700,0.000000,-0.090560,0.995317,0.033809,0.000000,0.924276,0.096640,-0.369289,0.000000,11.561272,-0.000571,-12.335762,1.000000;;
          }

          ObjectMatrixComment object {
           7.100178,0.000000,0.000000,0.000000,0.000000,4.409803,0.000000,0.000000,0.000000,0.000000,7.100177,0.000000,0.000000,0.000000,-0.000015,1.000000;;
          }

          Frame Bip01_Ponytail11 {
           

           FrameTransformMatrix relative {
            0.627101,-0.081726,-0.774639,0.000000,0.038365,0.996514,-0.074077,0.000000,0.777993,0.016735,0.628051,0.000000,7.091834,-0.000179,-0.006744,1.000000;;
           }

           ObjectMatrixComment object {
            13.465704,-0.000000,0.000000,0.000000,0.000000,5.825205,-0.000000,0.000000,0.000000,-0.000000,7.100178,0.000000,0.000000,0.000002,0.000008,1.000000;;
           }

           Frame Bip01_Ponytail12 {
            

            FrameTransformMatrix relative {
             0.758599,-0.282161,-0.587292,0.000000,0.116724,0.945638,-0.303553,0.000000,0.641017,0.161724,0.750295,0.000000,13.458794,-0.001743,-0.008095,1.000000;;
            }

            ObjectMatrixComment object {
             13.558074,0.000001,0.000000,0.000000,-0.000000,4.646402,-0.000000,0.000000,-0.000000,-0.000000,7.100178,0.000000,0.000008,-0.000004,0.000003,1.000000;;
            }

            Frame Bip01_Ponytail1Nub {
             

             FrameTransformMatrix relative {
              0.000796,0.000003,1.000000,0.000000,0.000000,-1.000000,0.000003,0.000000,1.000000,0.000000,-0.000796,0.000000,13.558083,-0.000004,0.000002,1.000000;;
             }

             ObjectMatrixComment object {
              1.775044,0.000000,0.000000,0.000000,0.000000,1.161600,0.000000,0.000000,-0.000000,-0.000000,1.355807,0.000000,0.000004,-0.000004,0.000008,1.000000;;
             }
            }
           }
          }
         }
        }
       }

       Frame Bip01_L_Clavicle {
        

        FrameTransformMatrix relative {
         0.092804,0.995244,0.029625,0.000000,0.995684,-0.092739,-0.003560,0.000000,-0.000796,0.029828,-0.999555,0.000000,-0.675911,4.203704,0.295821,1.000000;;
        }

        ObjectMatrixComment object {
         6.209031,0.000000,0.000000,0.000000,0.000000,36.022499,0.000000,0.000000,0.000000,0.000000,20.081139,0.000000,-0.000000,-0.000008,-0.000001,1.000000;;
        }

        Frame Bip01_L_UpperArm {
         

         FrameTransformMatrix relative {
          0.291729,-0.877051,0.381674,0.000000,0.925495,0.359601,0.118935,0.000000,-0.241563,0.318541,0.916613,0.000000,6.209030,-0.000008,-0.000002,1.000000;;
         }

         ObjectMatrixComment object {
          23.354760,0.000001,-0.000000,0.000000,-0.000000,16.683901,0.000000,0.000000,-0.000000,0.000000,16.683901,0.000000,0.000000,-0.000008,0.000002,1.000000;;
         }

         Frame Bip01_L_Forearm {
          

          FrameTransformMatrix relative {
           0.486850,-0.000000,-0.873486,0.000000,-0.000000,1.000000,0.000000,0.000000,0.873486,0.000000,0.486850,0.000000,23.354760,-0.000004,0.000004,1.000000;;
          }

          ObjectMatrixComment object {
           18.252530,-0.000000,0.000001,0.000000,0.000000,16.781354,0.000000,0.000000,0.000001,-0.000000,16.781354,0.000000,-0.000008,0.000000,-0.000004,1.000000;;
          }

          Frame Bip01_L_Hand {
           

           FrameTransformMatrix relative {
            0.960667,-0.256457,-0.106534,0.000000,0.110671,0.001707,0.993856,0.000000,-0.254699,-0.966554,0.030022,0.000000,18.252530,0.000000,-0.000004,1.000000;;
           }

           ObjectMatrixComment object {
            8.830696,0.000000,0.000000,0.000000,0.000000,8.210641,0.000000,0.000000,0.000000,0.000000,12.423155,0.000000,0.000004,0.000000,0.000000,1.000000;;
           }

           Frame Bip01_L_Finger0 {
            

            FrameTransformMatrix relative {
             0.584134,-0.060030,0.809434,0.000000,0.663435,-0.539202,-0.518762,0.000000,0.467590,0.840034,-0.275141,0.000000,3.997730,-3.358391,2.159016,1.000000;;
            }

            ObjectMatrixComment object {
             5.044498,0.000000,0.000000,0.000000,-0.000000,4.509376,0.000000,0.000000,0.000000,0.000000,4.509376,0.000000,0.000000,0.000000,0.000004,1.000000;;
            }

            Frame Bip01_L_Finger0Nub {
             

             FrameTransformMatrix relative {
              1.000000,0.000000,0.000000,0.000000,-0.000000,1.000000,0.000000,0.000000,0.000000,0.000000,1.000000,0.000000,5.044498,-0.000002,0.000004,1.000000;;
             }

             ObjectMatrixComment object {
              0.840750,0.000000,-0.000000,0.000000,-0.000000,1.127344,0.000000,0.000000,0.000000,0.000000,1.127344,0.000000,-0.000004,0.000000,-0.000008,1.000000;;
             }
            }
           }

           Frame Bip01_L_Finger1 {
            

            FrameTransformMatrix relative {
             0.420434,-0.025804,0.906956,0.000000,0.070093,0.997532,-0.004112,0.000000,-0.904612,0.065300,0.421205,0.000000,9.195276,0.006119,-0.407589,1.000000;;
            }

            ObjectMatrixComment object {
             5.275735,0.000000,0.000000,0.000000,-0.000000,12.278992,0.000000,0.000000,0.000000,0.000000,4.423188,0.000000,0.000000,0.000000,-0.000000,1.000000;;
            }

            Frame Bip01_L_Finger1Nub {
             

             FrameTransformMatrix relative {
              1.000000,-0.000000,-0.000000,0.000000,-0.000000,1.000000,0.000000,0.000000,0.000000,0.000000,1.000000,0.000000,5.275734,0.000000,-0.000000,1.000000;;
             }

             ObjectMatrixComment object {
              0.879289,0.000000,0.000000,0.000000,-0.000000,3.069748,0.000000,0.000000,0.000000,0.000000,1.105797,0.000000,-0.000004,0.000000,-0.000001,1.000000;;
             }
            }
           }

           Frame bip_sword {
            

            FrameTransformMatrix relative {
             0.023193,-0.383871,0.010569,0.000000,0.382773,0.023960,0.030295,0.000000,-0.030887,0.008689,0.383376,0.000000,9.268339,-0.376183,2.200230,1.000000;;
            }

            ObjectMatrixComment object {
             1.000000,0.000000,-0.000000,0.000000,-0.000000,1.000000,0.000000,0.000000,-0.000000,0.000000,1.000000,0.000000,-0.000015,-0.000008,-0.000008,1.000000;;
            }
           }
          }

          Frame bip_arm_l {
           

           FrameTransformMatrix relative {
            0.013346,0.995762,-0.091000,0.000000,-0.999796,0.011905,-0.016357,0.000000,-0.015204,0.091199,0.995717,0.000000,15.233029,0.000008,-0.000004,1.000000;;
           }

           ObjectMatrixComment object {
            1.000000,0.000000,-0.000000,0.000000,0.000000,1.000000,-0.000000,0.000000,-0.000000,-0.000000,1.000000,0.000000,0.000000,0.000008,-0.000004,1.000000;;
           }
          }
         }

         Frame bip_shoulder_l {
          

          FrameTransformMatrix relative {
           0.630867,0.772461,0.072872,0.000000,-0.775490,0.624739,0.091192,0.000000,0.024916,-0.114042,0.993164,0.000000,0.000000,-0.000004,0.000002,1.000000;;
          }

          ObjectMatrixComment object {
           1.000000,0.000000,0.000000,0.000000,0.000000,1.000000,0.000000,0.000000,-0.000000,-0.000000,1.000000,0.000000,0.000000,-0.000008,-0.000001,1.000000;;
          }
         }
        }
       }

       Frame Bip01_R_Clavicle {
        

        FrameTransformMatrix relative {
         -0.031527,-0.986398,-0.161326,0.000000,-0.999503,0.030987,0.005865,0.000000,-0.000786,0.161430,-0.986884,0.000000,-0.677452,-3.885474,-1.628055,1.000000;;
        }

        ObjectMatrixComment object {
         6.209031,0.000000,0.000000,0.000000,0.000000,36.022506,0.000000,0.000000,-0.000001,-0.000000,20.081141,0.000000,-0.000000,0.000000,0.000001,1.000000;;
        }

        Frame Bip01_R_UpperArm {
         

         FrameTransformMatrix relative {
          0.490254,0.838630,0.237384,0.000000,-0.870531,0.457795,0.180556,0.000000,0.042746,-0.295168,0.954489,0.000000,6.209030,0.000000,-0.000001,1.000000;;
         }

         ObjectMatrixComment object {
          23.354765,0.000000,-0.000001,0.000000,0.000001,16.683902,0.000000,0.000000,-0.000000,0.000000,16.683902,0.000000,0.000000,-0.000004,0.000000,1.000000;;
         }

         Frame Bip01_R_Forearm {
          

          FrameTransformMatrix relative {
           0.729886,-0.000000,-0.683569,0.000000,0.000000,1.000000,0.000000,0.000000,0.683570,0.000000,0.729885,0.000000,23.354766,-0.000004,-0.000002,1.000000;;
          }

          ObjectMatrixComment object {
           18.252530,-0.000001,0.000000,0.000000,0.000001,16.781350,0.000000,0.000000,0.000000,0.000000,16.781350,0.000000,0.000000,0.000004,-0.000002,1.000000;;
          }

          Frame Bip01_R_Hand {
           

           FrameTransformMatrix relative {
            0.973816,0.163729,0.157718,0.000000,0.084784,0.382147,-0.920204,0.000000,-0.210935,0.909482,0.358259,0.000000,18.252525,0.000008,0.000002,1.000000;;
           }

           ObjectMatrixComment object {
            8.830695,0.000000,-0.000000,0.000000,0.000000,8.210640,0.000000,0.000000,-0.000000,0.000000,12.423154,0.000000,-0.000004,-0.000001,-0.000004,1.000000;;
           }

           Frame Bip01_R_Finger0 {
            

            FrameTransformMatrix relative {
             0.869909,0.006783,0.493165,0.000000,-0.462421,-0.336544,0.820307,0.000000,0.171536,-0.941643,-0.289627,0.000000,3.997730,3.358388,2.159012,1.000000;;
            }

            ObjectMatrixComment object {
             5.044498,0.000000,-0.000000,0.000000,0.000000,4.509375,-0.000000,0.000000,-0.000000,-0.000000,4.509376,0.000000,0.000000,0.000000,-0.000000,1.000000;;
            }

            Frame Bip01_R_Finger0Nub {
             

             FrameTransformMatrix relative {
              1.000000,0.000000,0.000000,0.000000,0.000000,-1.000000,0.000000,0.000000,-0.000000,0.000000,1.000000,0.000000,5.044487,0.000002,0.000000,1.000000;;
             }

             ObjectMatrixComment object {
              0.840750,-0.000000,0.000000,0.000000,-0.000000,1.127344,0.000000,0.000000,-0.000000,0.000000,1.127344,0.000000,-0.000008,-0.000002,0.000001,1.000000;;
             }
            }
           }

           Frame Bip01_R_Finger1 {
            

            FrameTransformMatrix relative {
             0.384428,-0.044645,0.922075,0.000000,0.069627,0.997387,0.019262,0.000000,-0.920525,0.056797,0.386532,0.000000,9.195270,-0.006119,-0.407585,1.000000;;
            }

            ObjectMatrixComment object {
             5.275735,-0.000000,0.000000,0.000000,0.000000,12.278990,0.000000,0.000000,-0.000000,0.000000,4.423188,0.000000,0.000000,0.000002,0.000002,1.000000;;
            }

            Frame Bip01_R_Finger1Nub {
             

             FrameTransformMatrix relative {
              1.000000,-0.000000,-0.000000,0.000000,-0.000000,-1.000000,0.000000,0.000000,0.000000,0.000000,1.000000,0.000000,5.275734,0.000002,0.000000,1.000000;;
             }

             ObjectMatrixComment object {
              0.879289,0.000000,0.000000,0.000000,0.000000,3.069748,-0.000000,0.000000,-0.000000,-0.000000,1.105797,0.000000,0.000000,-0.000001,-0.000004,1.000000;;
             }
            }
           }
          }

          Frame bip_arm_r {
           

           FrameTransformMatrix relative {
            -0.013345,0.995762,0.090997,0.000000,-0.999796,-0.011904,-0.016359,0.000000,-0.015207,-0.091197,0.995717,0.000000,15.233054,0.000015,-0.000002,1.000000;;
           }

           ObjectMatrixComment object {
            1.000000,0.000000,0.000000,0.000000,-0.000000,1.000000,-0.000000,0.000000,0.000000,0.000000,1.000000,0.000000,-0.000004,-0.000004,0.000000,1.000000;;
           }
          }
         }

         Frame bip_shoulder_r {
          

          FrameTransformMatrix relative {
           -0.630868,0.772460,-0.072875,0.000000,-0.775490,-0.624739,0.091193,0.000000,0.024915,0.114045,0.993163,0.000000,0.000000,-0.000004,0.000000,1.000000;;
          }

          ObjectMatrixComment object {
           1.000000,-0.000000,0.000000,0.000000,-0.000000,1.000000,-0.000000,0.000000,0.000000,-0.000000,1.000000,0.000000,-0.000001,-0.000008,0.000000,1.000000;;
          }
         }
        }
       }
      }

      Frame hitEffect_Sword {
       

       FrameTransformMatrix relative {
        0.000000,1.000000,-0.000001,0.000000,0.996525,0.000000,0.083299,0.000000,0.083299,-0.000001,-0.996525,0.000000,8.262939,-5.826562,13.542586,1.000000;;
       }

       ObjectMatrixComment object {
        1.000000,0.000000,0.000000,0.000000,-0.000000,1.000000,-0.000000,0.000000,-0.000000,0.000000,1.000000,0.000000,-0.000001,-0.000008,0.000000,1.000000;;
       }
      }

      Frame bip_chest {
       

       FrameTransformMatrix relative {
        0.000000,1.000000,-0.000001,0.000000,0.996525,0.000000,0.083299,0.000000,0.083299,-0.000001,-0.996525,0.000000,7.480247,0.000007,1.042220,1.000000;;
       }

       ObjectMatrixComment object {
        1.000000,0.000000,0.000000,0.000000,-0.000000,1.000000,-0.000000,0.000000,-0.000000,0.000000,1.000000,0.000000,0.000000,-0.000008,0.000000,1.000000;;
       }
      }

      Frame bip_quiver {
       

       FrameTransformMatrix relative {
        0.421938,0.906308,-0.023979,0.000000,0.904848,-0.422618,-0.051421,0.000000,-0.056738,-0.000001,-0.998389,0.000000,9.226562,-2.153172,-9.650951,1.000000;;
       }

       ObjectMatrixComment object {
        1.000000,-0.000000,0.000000,0.000000,0.000000,1.000000,0.000000,0.000000,-0.000000,0.000000,1.000000,0.000000,0.000008,0.000008,0.000006,1.000000;;
       }
      }
     }
    }

    Frame Bip01_L_Thigh {
     

     FrameTransformMatrix relative {
      -0.972443,0.233139,0.001167,0.000000,-0.204211,-0.854176,0.478206,0.000000,0.112486,0.464790,0.878247,0.000000,-8.252846,7.117026,-1.606682,1.000000;;
     }

     ObjectMatrixComment object {
      32.193984,-0.000000,0.000000,0.000000,0.000000,30.363379,-0.000001,0.000000,-0.000000,-0.000000,31.491702,0.000000,0.000000,-0.000001,0.000000,1.000000;;
     }

     Frame Bip01_L_Calf {
      

      FrameTransformMatrix relative {
       0.950463,0.000000,-0.310838,0.000000,-0.000000,1.000000,-0.000000,0.000000,0.310838,-0.000000,0.950463,0.000000,32.193990,0.000001,0.000000,1.000000;;
      }

      ObjectMatrixComment object {
       30.631382,-0.000000,0.000000,0.000000,0.000000,18.935630,0.000000,0.000000,0.000000,0.000000,21.515214,0.000000,0.000000,0.000001,-0.000001,1.000000;;
      }

      Frame Bip01_L_Foot {
       

       FrameTransformMatrix relative {
        0.976994,0.175758,0.120796,0.000000,-0.203570,0.937405,0.282546,0.000000,-0.063575,-0.300636,0.951618,0.000000,30.631382,0.000001,-0.000001,1.000000;;
       }

       ObjectMatrixComment object {
        9.244031,0.000000,0.000000,0.000000,0.000000,5.501452,0.000000,0.000000,0.000000,0.000000,8.601111,0.000000,-0.000002,0.000000,0.000000,1.000000;;
       }

       Frame Bip01_L_Toe0 {
        

        FrameTransformMatrix relative {
         -0.000004,-0.031061,0.999518,0.000000,0.002182,0.999515,0.031061,0.000000,-0.999998,0.002181,0.000064,0.000000,9.343882,0.000000,6.880890,1.000000;;
        }

        ObjectMatrixComment object {
         6.678828,0.000000,0.000000,0.000000,-0.000000,5.202528,0.000000,0.000000,-0.000000,0.000000,4.024505,0.000000,0.000002,0.000000,0.000000,1.000000;;
        }

        Frame Bip01_L_Toe0Nub {
         

         FrameTransformMatrix relative {
          1.000000,0.000000,0.000000,0.000000,0.000000,-1.000000,0.000000,0.000000,-0.000000,0.000000,1.000000,0.000000,6.678829,0.000000,0.000000,1.000000;;
         }

         ObjectMatrixComment object {
          1.113138,0.000000,-0.000000,0.000000,0.000000,1.300632,-0.000000,0.000000,-0.000000,-0.000000,1.006126,0.000000,0.000000,0.000000,0.000000,1.000000;;
         }
        }
       }
      }

      Frame bip_leg_l {
       

       FrameTransformMatrix relative {
        0.064933,-0.997461,-0.029266,0.000000,-0.983475,-0.059001,-0.171160,0.000000,0.168999,0.039896,-0.984809,0.000000,0.000000,0.000005,-0.000002,1.000000;;
       }

       ObjectMatrixComment object {
        1.000000,-0.000000,0.000000,0.000000,0.000000,1.000000,0.000000,0.000000,0.000000,0.000000,1.000000,0.000000,0.000000,-0.000004,0.000000,1.000000;;
       }
      }
     }
    }

    Frame Bip01_R_Thigh {
     

     FrameTransformMatrix relative {
      -0.991490,-0.112045,-0.066276,0.000000,0.091158,-0.961034,0.260969,0.000000,-0.092934,0.252707,0.963069,0.000000,-8.348038,-6.824762,-0.159491,1.000000;;
     }

     ObjectMatrixComment object {
      32.193984,0.000000,-0.000000,0.000000,0.000000,30.363386,0.000000,0.000000,-0.000000,-0.000001,31.491706,0.000000,0.000008,0.000000,-0.000001,1.000000;;
     }

     Frame Bip01_R_Calf {
      

      FrameTransformMatrix relative {
       0.949945,0.000000,-0.312418,0.000000,0.000000,1.000000,0.000000,0.000000,0.312418,0.000000,0.949945,0.000000,32.193994,0.000000,0.000000,1.000000;;
      }

      ObjectMatrixComment object {
       30.631382,0.000000,-0.000001,0.000000,0.000000,18.935627,-0.000000,0.000000,-0.000000,0.000000,21.515218,0.000000,0.000000,0.000000,0.000000,1.000000;;
      }

      Frame Bip01_R_Foot {
       

       FrameTransformMatrix relative {
        0.941487,-0.099739,0.321954,0.000000,0.110725,0.993723,-0.015945,0.000000,-0.318342,0.050660,0.946621,0.000000,30.631382,0.000000,0.000000,1.000000;;
       }

       ObjectMatrixComment object {
        9.244031,0.000000,0.000000,0.000000,0.000000,5.501452,-0.000000,0.000000,0.000000,0.000000,8.601110,0.000000,0.000000,0.000004,0.000000,1.000000;;
       }

       Frame Bip01_R_Toe0 {
        

        FrameTransformMatrix relative {
         -0.000001,-0.042703,0.999088,0.000000,0.000327,0.999088,0.042703,0.000000,-1.000000,0.000327,0.000013,0.000000,9.343885,0.000002,6.880890,1.000000;;
        }

        ObjectMatrixComment object {
         6.678828,0.000000,0.000000,0.000000,0.000000,5.202528,0.000000,0.000000,-0.000000,-0.000000,4.024506,0.000000,-0.000000,0.000000,0.000000,1.000000;;
        }

        Frame Bip01_R_Toe0Nub {
         

         FrameTransformMatrix relative {
          1.000000,0.000000,0.000000,0.000000,0.000000,1.000000,0.000000,0.000000,0.000000,-0.000000,1.000000,0.000000,6.678827,0.000000,0.000000,1.000000;;
         }

         ObjectMatrixComment object {
          1.113138,0.000000,0.000000,0.000000,0.000000,1.300632,0.000000,0.000000,-0.000000,-0.000000,1.006126,0.000000,0.000000,0.000000,0.000000,1.000000;;
         }
        }
       }
      }

      Frame bip_leg_r {
       

       FrameTransformMatrix relative {
        -0.064934,-0.997460,0.029269,0.000000,-0.983475,0.059001,-0.171160,0.000000,0.168998,-0.039899,-0.984809,0.000000,0.000004,0.000004,0.000000,1.000000;;
       }

       ObjectMatrixComment object {
        1.000000,0.000000,-0.000000,0.000000,-0.000000,1.000000,-0.000000,0.000000,0.000000,0.000000,1.000000,0.000000,0.000000,0.000000,-0.000001,1.000000;;
       }
      }
     }
    }
   }

   Frame bip_waist {
    

    FrameTransformMatrix relative {
     -0.000000,1.541800,0.000005,0.000000,1.541800,0.000000,0.000000,0.000000,0.000000,0.000005,-1.541800,0.000000,0.871040,0.000008,-0.976969,1.000000;;
    }

    ObjectMatrixComment object {
     1.000000,-0.000000,-0.000000,0.000000,0.000000,1.000000,-0.000000,0.000000,-0.000000,0.000000,1.000000,0.000000,0.000000,0.000004,0.000000,1.000000;;
    }
   }

   Frame bip_front {
    

    FrameTransformMatrix relative {
     -0.952288,-0.037197,0.302926,0.000000,-0.012545,0.996477,0.082921,0.000000,-0.304943,0.075164,-0.949400,0.000000,7.579964,-0.000001,7.421579,1.000000;;
    }

    ObjectMatrixComment object {
     1.000000,0.000000,0.000000,0.000000,-0.000000,1.000000,-0.000000,0.000000,-0.000000,-0.000000,1.000000,0.000000,0.000000,0.000000,0.000000,1.000000;;
    }
   }

   Frame bip_back {
    

    FrameTransformMatrix relative {
     -0.978788,-0.000000,-0.204876,0.000000,-0.000001,1.000000,0.000003,0.000000,0.204876,0.000003,-0.978788,0.000000,8.049843,0.000039,-7.856423,1.000000;;
    }

    ObjectMatrixComment object {
     1.000000,0.000000,0.000000,0.000000,0.000000,1.000000,0.000000,0.000000,0.000000,0.000000,1.000000,0.000000,0.000008,0.000000,0.000000,1.000000;;
    }
   }

   Frame bip_right {
    

    FrameTransformMatrix relative {
     -0.920520,-0.375656,-0.107358,0.000000,-0.103619,-0.030208,0.994158,0.000000,-0.376705,0.926266,-0.011118,0.000000,7.818100,-9.295898,-0.539003,1.000000;;
    }

    ObjectMatrixComment object {
     1.000000,0.000000,0.000000,0.000000,0.000000,1.000000,-0.000000,0.000000,0.000000,0.000000,1.000000,0.000000,-0.000008,0.000002,-0.000004,1.000000;;
    }
   }

   Frame bip_left {
    

    FrameTransformMatrix relative {
     -0.897908,0.389318,0.205409,0.000000,0.168208,-0.127760,0.977437,0.000000,0.406777,0.912200,0.049231,0.000000,7.818070,9.223647,-0.538950,1.000000;;
    }

    ObjectMatrixComment object {
     1.000000,0.000000,0.000000,0.000000,0.000000,1.000000,0.000000,0.000000,0.000000,0.000000,1.000000,0.000000,0.000000,0.000002,0.000000,1.000000;;
    }
   }
  }
 }
}

Frame PT_Armwarmers {
 

 FrameTransformMatrix relative {
  1.000000,0.000000,0.000000,0.000000,0.000000,1.000000,0.000000,0.000000,0.000000,0.000000,1.000000,0.000000,0.000000,0.000000,0.000000,1.000000;;
 }

 ObjectMatrixComment object {
  1.000000,0.000000,0.000000,0.000000,0.000000,1.000000,0.000000,0.000000,0.000000,0.000000,1.000000,0.000000,0.000000,0.000000,0.000000,1.000000;;
 }

 Mesh mesh_P {
  174;
  37.809853;76.893466;1.487810;,
  33.981606;82.543296;4.744475;,
  33.195898;82.830214;2.142792;,
  37.549232;77.411763;-0.356806;,
  36.916278;75.484992;2.843611;,
  32.899814;80.352186;6.513270;,
  31.132333;81.163904;1.296375;,
  35.799587;76.447699;-0.990749;,
  30.825920;79.070963;5.506317;,
  35.880538;74.694490;2.173167;,
  38.231334;71.433101;-1.193741;,
  37.724509;70.683853;1.199438;,
  39.115978;69.080781;0.793775;,
  40.241933;69.700198;-2.000179;,
  37.588947;74.134438;2.433580;,
  38.953069;75.860717;0.714074;,
  40.703494;73.379610;0.136336;,
  39.245139;71.787232;1.903066;,
  40.672698;69.478394;1.342301;,
  41.385875;71.521216;-4.866945;,
  42.391610;72.304954;-3.875668;,
  39.748602;74.103200;-4.321150;,
  39.744099;72.695898;-5.014450;,
  38.362301;72.812800;-6.292020;,
  36.642563;74.699974;-4.927550;,
  36.179699;73.258765;-6.189864;,
  37.713299;71.299699;-6.941230;,
  36.073699;71.958899;-6.869530;,
  35.773699;70.154195;-8.298340;,
  36.738000;69.785005;-8.419090;,
  36.489898;69.292704;-7.342820;,
  35.859200;69.645299;-7.316870;,
  35.724099;71.472198;-5.434250;,
  38.008176;71.341242;-4.498881;,
  36.403808;73.356410;1.921285;,
  36.206227;74.082464;-0.232289;,
  35.630707;75.195194;0.471515;,
  38.422134;76.597075;-1.628840;,
  35.630707;75.195194;0.471515;,
  36.206227;74.082464;-0.232289;,
  36.213606;75.770182;-1.943962;,
  35.426499;72.922995;-3.437830;,
  42.030064;68.553792;-5.495619;,
  43.096512;69.827072;-5.536088;,
  40.540707;70.563040;-4.316279;,
  43.467210;67.751910;-6.184652;,
  41.520986;66.283104;-5.796508;,
  42.493165;65.529626;-6.671141;,
  38.008176;71.341242;-4.498881;,
  36.489898;69.292704;-7.342820;,
  35.859200;69.645299;-7.316870;,
  35.724099;71.472198;-5.434250;,
  41.626355;67.521248;-2.799064;,
  42.030064;68.553792;-5.495619;,
  40.540707;70.563040;-4.316279;,
  43.331165;67.917856;-2.400594;,
  42.538090;71.099699;-1.240646;,
  43.444390;65.970874;-3.380065;,
  41.520986;66.283104;-5.796508;,
  41.337504;65.238426;-4.047052;,
  42.756438;64.106362;-4.653146;,
  40.505478;66.979373;-0.492969;,
  41.651946;67.033843;0.230027;,
  41.989712;65.555974;-0.569984;,
  40.468483;65.228890;-1.813041;,
  41.548531;64.212301;-1.891325;,
  40.808301;74.537696;-2.304430;,
  42.756438;64.106362;-4.653146;,
  42.493165;65.529626;-6.671141;,
  41.548531;64.212301;-1.891325;,
  29.077990;84.292064;8.191021;,
  30.307530;83.054214;8.463281;,
  27.924797;81.640467;7.318878;,
  27.407430;83.277555;7.366085;,
  27.417674;82.235085;4.676044;,
  27.036653;83.751693;5.346938;,
  30.162419;79.537702;3.089844;,
  30.162419;79.537702;3.089844;,
  31.479181;85.662086;6.381720;,
  30.549542;85.800352;3.607256;,
  28.453152;84.192896;2.573720;,
  27.417674;82.235085;4.676044;,
  29.730461;85.833389;6.676250;,
  29.302045;86.033005;4.591436;,
  27.855446;85.006470;3.896671;,
  27.036653;83.751693;5.346938;,
  35.426499;72.922995;-3.437830;,
  -37.809853;76.893466;1.487810;,
  -37.549232;77.411763;-0.356806;,
  -33.195898;82.830214;2.142792;,
  -33.981606;82.543296;4.744475;,
  -36.916278;75.484992;2.843611;,
  -32.899814;80.352186;6.513270;,
  -35.799587;76.447699;-0.990749;,
  -31.132333;81.163904;1.296375;,
  -30.825920;79.070963;5.506317;,
  -35.880538;74.694490;2.173167;,
  -38.231334;71.433101;-1.193741;,
  -40.241933;69.700198;-2.000179;,
  -39.115978;69.080781;0.793775;,
  -37.724509;70.683853;1.199438;,
  -37.588947;74.134438;2.433580;,
  -39.245139;71.787232;1.903066;,
  -40.703494;73.379610;0.136336;,
  -38.953069;75.860717;0.714074;,
  -40.672698;69.478394;1.342301;,
  -41.385875;71.521216;-4.866945;,
  -39.744099;72.695898;-5.014450;,
  -39.748602;74.103200;-4.321150;,
  -42.391610;72.304954;-3.875668;,
  -38.362301;72.812800;-6.292020;,
  -36.179699;73.258765;-6.189864;,
  -36.642563;74.699974;-4.927550;,
  -37.713299;71.299699;-6.941230;,
  -36.738000;69.785005;-8.419090;,
  -35.773699;70.154195;-8.298340;,
  -36.073699;71.958899;-6.869530;,
  -36.489898;69.292704;-7.342820;,
  -38.008176;71.341242;-4.498881;,
  -35.724099;71.472198;-5.434250;,
  -35.859200;69.645299;-7.316870;,
  -35.630707;75.195194;0.471515;,
  -36.206227;74.082464;-0.232289;,
  -36.403808;73.356410;1.921285;,
  -38.422134;76.597075;-1.628840;,
  -36.213606;75.770182;-1.943962;,
  -36.206227;74.082464;-0.232289;,
  -35.630707;75.195194;0.471515;,
  -35.426499;72.922995;-3.437830;,
  -42.030064;68.553792;-5.495619;,
  -40.540707;70.563040;-4.316279;,
  -43.096512;69.827072;-5.536088;,
  -43.467210;67.751910;-6.184652;,
  -42.493165;65.529626;-6.671141;,
  -41.520986;66.283104;-5.796508;,
  -38.008176;71.341242;-4.498881;,
  -36.489898;69.292704;-7.342820;,
  -35.859200;69.645299;-7.316870;,
  -35.724099;71.472198;-5.434250;,
  -41.626355;67.521248;-2.799064;,
  -40.540707;70.563040;-4.316279;,
  -42.030064;68.553792;-5.495619;,
  -43.331165;67.917856;-2.400594;,
  -42.538090;71.099699;-1.240646;,
  -43.444390;65.970874;-3.380065;,
  -41.520986;66.283104;-5.796508;,
  -41.337504;65.238426;-4.047052;,
  -42.756438;64.106362;-4.653146;,
  -40.505478;66.979373;-0.492969;,
  -41.651946;67.033843;0.230027;,
  -41.989712;65.555974;-0.569984;,
  -40.468483;65.228890;-1.813041;,
  -41.548531;64.212301;-1.891325;,
  -40.808301;74.537696;-2.304430;,
  -42.756438;64.106362;-4.653146;,
  -42.493165;65.529626;-6.671141;,
  -41.548531;64.212301;-1.891325;,
  -29.077990;84.292064;8.191021;,
  -27.407430;83.277555;7.366085;,
  -27.924797;81.640467;7.318878;,
  -30.307530;83.054214;8.463281;,
  -27.036653;83.751693;5.346938;,
  -27.417674;82.235085;4.676044;,
  -30.162419;79.537702;3.089844;,
  -30.162419;79.537702;3.089844;,
  -30.549542;85.800352;3.607256;,
  -31.479181;85.662086;6.381720;,
  -28.453152;84.192896;2.573720;,
  -27.417674;82.235085;4.676044;,
  -29.302045;86.033005;4.591436;,
  -29.730461;85.833389;6.676250;,
  -27.855446;85.006470;3.896671;,
  -27.036653;83.751693;5.346938;,
  -35.426499;72.922995;-3.437830;;
  268;
  3;0,2,1;,
  3;2,0,3;,
  3;4,1,5;,
  3;1,4,0;,
  3;2,7,6;,
  3;7,2,3;,
  3;8,4,5;,
  3;4,8,9;,
  3;10,12,11;,
  3;12,10,13;,
  3;14,16,15;,
  3;16,14,17;,
  3;11,18,17;,
  3;18,11,12;,
  3;19,21,20;,
  3;21,19,22;,
  3;23,24,21;,
  3;24,23,25;,
  3;26,28,27;,
  3;28,26,29;,
  3;30,32,31;,
  3;32,30,33;,
  3;25,26,27;,
  3;26,25,23;,
  3;9,35,34;,
  3;35,9,36;,
  3;35,11,34;,
  3;11,35,10;,
  3;17,34,11;,
  3;34,17,14;,
  3;0,37,3;,
  3;37,0,15;,
  3;4,15,0;,
  3;15,4,14;,
  3;7,39,38;,
  3;39,7,40;,
  3;3,40,7;,
  3;40,3,37;,
  3;9,14,4;,
  3;14,9,34;,
  3;32,10,41;,
  3;10,32,33;,
  3;42,19,43;,
  3;19,42,44;,
  3;45,46,42;,
  3;46,45,47;,
  3;48,29,26;,
  3;29,48,49;,
  3;50,27,28;,
  3;27,50,51;,
  3;52,54,53;,
  3;54,52,13;,
  3;55,20,56;,
  3;20,55,43;,
  3;55,45,43;,
  3;45,55,57;,
  3;58,52,53;,
  3;52,58,59;,
  3;57,47,45;,
  3;47,57,60;,
  3;61,13,52;,
  3;13,61,12;,
  3;62,12,61;,
  3;12,62,18;,
  3;63,55,62;,
  3;55,63,57;,
  3;59,61,52;,
  3;61,59,64;,
  3;63,64,65;,
  3;64,63,61;,
  3;65,57,63;,
  3;57,65,60;,
  3;20,16,56;,
  3;16,20,66;,
  3;56,17,18;,
  3;17,56,16;,
  3;29,50,28;,
  3;50,29,49;,
  3;18,55,56;,
  3;55,18,62;,
  3;67,58,68;,
  3;58,67,59;,
  3;67,64,59;,
  3;64,67,69;,
  3;70,72,71;,
  3;72,70,73;,
  3;72,75,74;,
  3;75,72,73;,
  3;76,7,38;,
  3;7,76,6;,
  3;8,36,9;,
  3;36,8,77;,
  3;2,78,1;,
  3;78,2,79;,
  3;1,71,5;,
  3;71,1,78;,
  3;2,80,79;,
  3;80,2,6;,
  3;80,76,81;,
  3;76,80,6;,
  3;71,8,5;,
  3;8,71,72;,
  3;8,74,77;,
  3;74,8,72;,
  3;78,83,82;,
  3;83,78,79;,
  3;70,78,82;,
  3;78,70,71;,
  3;79,84,83;,
  3;84,79,80;,
  3;84,81,85;,
  3;81,84,80;,
  3;86,25,51;,
  3;42,43,45;,
  3;62,61,63;,
  3;33,54,10;,
  3;13,10,54;,
  3;48,22,44;,
  3;39,40,86;,
  3;24,40,37;,
  3;23,22,48;,
  3;44,22,19;,
  3;66,21,37;,
  3;22,23,21;,
  3;66,37,15;,
  3;16,66,15;,
  3;21,66,20;,
  3;24,37,21;,
  3;40,24,86;,
  3;10,35,41;,
  3;20,43,19;,
  3;23,48,26;,
  3;51,25,27;,
  3;25,86,24;,
  3;87,89,88;,
  3;89,87,90;,
  3;91,90,87;,
  3;90,91,92;,
  3;89,93,88;,
  3;93,89,94;,
  3;95,91,96;,
  3;91,95,92;,
  3;97,99,98;,
  3;99,97,100;,
  3;101,103,102;,
  3;103,101,104;,
  3;100,105,99;,
  3;105,100,102;,
  3;106,108,107;,
  3;108,106,109;,
  3;110,112,111;,
  3;112,110,108;,
  3;113,115,114;,
  3;115,113,116;,
  3;117,119,118;,
  3;119,117,120;,
  3;111,113,110;,
  3;113,111,116;,
  3;96,122,121;,
  3;122,96,123;,
  3;122,100,97;,
  3;100,122,123;,
  3;102,123,101;,
  3;123,102,100;,
  3;87,124,104;,
  3;124,87,88;,
  3;91,104,101;,
  3;104,91,87;,
  3;93,126,125;,
  3;126,93,127;,
  3;88,125,124;,
  3;125,88,93;,
  3;96,101,123;,
  3;101,96,91;,
  3;119,97,118;,
  3;97,119,128;,
  3;129,106,130;,
  3;106,129,131;,
  3;132,134,133;,
  3;134,132,129;,
  3;135,114,136;,
  3;114,135,113;,
  3;137,116,138;,
  3;116,137,115;,
  3;139,140,98;,
  3;140,139,141;,
  3;142,109,131;,
  3;109,142,143;,
  3;142,132,144;,
  3;132,142,131;,
  3;145,139,146;,
  3;139,145,141;,
  3;144,133,147;,
  3;133,144,132;,
  3;148,98,99;,
  3;98,148,139;,
  3;149,99,105;,
  3;99,149,148;,
  3;150,142,144;,
  3;142,150,149;,
  3;146,148,151;,
  3;148,146,139;,
  3;150,151,148;,
  3;151,150,152;,
  3;152,144,147;,
  3;144,152,150;,
  3;109,103,153;,
  3;103,109,143;,
  3;143,102,103;,
  3;102,143,105;,
  3;114,137,136;,
  3;137,114,115;,
  3;105,142,149;,
  3;142,105,143;,
  3;154,145,146;,
  3;145,154,155;,
  3;154,151,156;,
  3;151,154,146;,
  3;157,159,158;,
  3;159,157,160;,
  3;159,161,158;,
  3;161,159,162;,
  3;163,93,94;,
  3;93,163,127;,
  3;95,121,164;,
  3;121,95,96;,
  3;89,166,165;,
  3;166,89,90;,
  3;90,160,166;,
  3;160,90,92;,
  3;89,167,94;,
  3;167,89,165;,
  3;167,163,94;,
  3;163,167,168;,
  3;160,95,159;,
  3;95,160,92;,
  3;95,162,159;,
  3;162,95,164;,
  3;166,169,165;,
  3;169,166,170;,
  3;157,166,160;,
  3;166,157,170;,
  3;165,171,167;,
  3;171,165,169;,
  3;171,168,167;,
  3;168,171,172;,
  3;173,138,111;,
  3;129,132,131;,
  3;149,150,148;,
  3;118,97,140;,
  3;98,140,97;,
  3;135,130,107;,
  3;126,173,125;,
  3;112,124,125;,
  3;110,135,107;,
  3;130,106,107;,
  3;153,124,108;,
  3;107,108,110;,
  3;153,104,124;,
